"","V1","V2","V3","V4","V5"
"1",0.146453089244851,0.337147215865751,0.192219679633867,0.295194508009153,0.0289855072463768
"2",0.0737704918032787,0.0573770491803279,0.12568306010929,0.683060109289617,0.0601092896174863
"3",0.122137404580153,0.152671755725191,0.480916030534351,0.083969465648855,0.16030534351145
"4",0.0731707317073171,0.0548780487804878,0.121951219512195,0.711890243902439,0.038109756097561
"5",0.685925925925926,0.0740740740740741,0.122962962962963,0.08,0.037037037037037
"6",0.0590979782270607,0.046656298600311,0.121306376360809,0.737169517884914,0.0357698289269051
"7",0.0606531881804044,0.046656298600311,0.132192846034215,0.723172628304821,0.0373250388802488
"8",0.409090909090909,0.133838383838384,0.164141414141414,0.194444444444444,0.0984848484848485
"9",0.0786516853932584,0.0690208667736758,0.125200642054575,0.672552166934189,0.0545746388443018
"10",0.0778761061946903,0.0513274336283186,0.134513274336283,0.67787610619469,0.0584070796460177
"11",0.671328671328671,0.0606060606060606,0.125874125874126,0.0909090909090909,0.0512820512820513
"12",0.437609841827768,0.181019332161687,0.202108963093146,0.135325131810193,0.0439367311072056
"13",0.546979865771812,0.13758389261745,0.197986577181208,0.0738255033557047,0.0436241610738255
"14",0.147727272727273,0.113636363636364,0.147727272727273,0.113636363636364,0.477272727272727
"15",0.0723860589812333,0.396782841823056,0.0656836461126005,0.431635388739946,0.0335120643431635
"16",0.0521472392638037,0.0383435582822086,0.119631901840491,0.748466257668712,0.0414110429447853
"17",0.0440251572327044,0.050314465408805,0.116352201257862,0.745283018867924,0.0440251572327044
"18",0.0489130434782609,0.146739130434783,0.0706521739130435,0.665760869565217,0.0679347826086956
"19",0.147727272727273,0.412878787878788,0.227272727272727,0.147727272727273,0.0643939393939394
"20",0.0717592592592593,0.351851851851852,0.219907407407407,0.293981481481481,0.0625
"21",0.0679785330948122,0.0608228980322004,0.116279069767442,0.710196779964222,0.0447227191413238
"22",0.600660066006601,0.0594059405940594,0.161716171617162,0.118811881188119,0.0594059405940594
"23",0.17962962962963,0.324074074074074,0.15,0.311111111111111,0.0351851851851852
"24",0.295652173913043,0.156521739130435,0.278260869565217,0.21304347826087,0.0565217391304348
"25",0.111764705882353,0.256862745098039,0.207843137254902,0.358823529411765,0.0647058823529412
"26",0.191823899371069,0.251572327044025,0.261006289308176,0.220125786163522,0.0754716981132075
"27",0.217391304347826,0.327536231884058,0.272463768115942,0.121739130434783,0.0608695652173913
"28",0.0915254237288136,0.189830508474576,0.193220338983051,0.416949152542373,0.108474576271186
"29",0.073490813648294,0.199475065616798,0.123359580052493,0.543307086614173,0.0603674540682415
"30",0.0580152671755725,0.300763358778626,0.109923664122137,0.456488549618321,0.0748091603053435
"31",0.110119047619048,0.239583333333333,0.12797619047619,0.474702380952381,0.0476190476190476
"32",0.179794520547945,0.26541095890411,0.116438356164384,0.398972602739726,0.0393835616438356
"33",0.092741935483871,0.19758064516129,0.137096774193548,0.48991935483871,0.0826612903225806
"34",0.256704980842912,0.187739463601533,0.252873563218391,0.199233716475096,0.103448275862069
"35",0.618181818181818,0.129545454545455,0.129545454545455,0.0795454545454545,0.0431818181818182
"36",0.575,0.158333333333333,0.113888888888889,0.0833333333333333,0.0694444444444444
"37",0.0335664335664336,0.208391608391608,0.111888111888112,0.586013986013986,0.0601398601398601
"38",0.351778656126482,0.24901185770751,0.217391304347826,0.106719367588933,0.075098814229249
"39",0.0659722222222222,0.138888888888889,0.201388888888889,0.517361111111111,0.0763888888888889
"40",0.0899280575539568,0.29136690647482,0.176258992805755,0.381294964028777,0.0611510791366906
"41",0.100591715976331,0.405325443786982,0.186390532544379,0.260355029585799,0.0473372781065089
"42",0.0631868131868132,0.178571428571429,0.178571428571429,0.491758241758242,0.0879120879120879
"43",0.188612099644128,0.419928825622776,0.163701067615658,0.110320284697509,0.117437722419929
"44",0.0537037037037037,0.233333333333333,0.146296296296296,0.468518518518519,0.0981481481481482
"45",0.112179487179487,0.25,0.182692307692308,0.407051282051282,0.0480769230769231
"46",0.187353629976581,0.217798594847775,0.124121779859485,0.423887587822014,0.0468384074941452
"47",0.0982456140350877,0.428070175438596,0.154385964912281,0.263157894736842,0.056140350877193
"48",0.167728237791932,0.265392781316348,0.106157112526539,0.407643312101911,0.0530785562632696
"49",0.10272536687631,0.205450733752621,0.125786163522013,0.49895178197065,0.0670859538784067
"50",0.165354330708661,0.288713910761155,0.191601049868766,0.275590551181102,0.078740157480315
"51",0.116465863453815,0.188755020080321,0.172690763052209,0.437751004016064,0.0843373493975904
"52",0.109289617486339,0.26775956284153,0.202185792349727,0.327868852459016,0.092896174863388
"53",0.40952380952381,0.176190476190476,0.195238095238095,0.142857142857143,0.0761904761904762
"54",0.115702479338843,0.399449035812672,0.168044077134986,0.264462809917355,0.0523415977961433
"55",0.109090909090909,0.572727272727273,0.159090909090909,0.1,0.0590909090909091
"56",0.393700787401575,0.255905511811024,0.173228346456693,0.0866141732283465,0.0905511811023622
"57",0.0595238095238095,0.148809523809524,0.0892857142857143,0.616071428571429,0.0863095238095238
"58",0.171122994652406,0.101604278074866,0.299465240641711,0.267379679144385,0.160427807486631
"59",0.179723502304147,0.377880184331797,0.225806451612903,0.142857142857143,0.0737327188940092
"60",0.0636363636363636,0.33030303030303,0.121212121212121,0.412121212121212,0.0727272727272727
"61",0.105932203389831,0.330508474576271,0.228813559322034,0.228813559322034,0.105932203389831
"62",0.0938775510204082,0.363265306122449,0.208163265306122,0.240816326530612,0.0938775510204082
"63",0.12303664921466,0.403141361256544,0.117801047120419,0.206806282722513,0.149214659685864
"64",0.182278481012658,0.156962025316456,0.129113924050633,0.453164556962025,0.0784810126582278
"65",0.477815699658703,0.242320819112628,0.129692832764505,0.0546075085324232,0.0955631399317406
"66",0.153284671532847,0.328467153284672,0.306569343065693,0.124087591240876,0.0875912408759124
"67",0.128205128205128,0.21025641025641,0.174358974358974,0.420512820512821,0.0666666666666667
"68",0.282967032967033,0.17032967032967,0.134615384615385,0.343406593406593,0.0686813186813187
"69",0.117241379310345,0.375862068965517,0.182758620689655,0.217241379310345,0.106896551724138
"70",0.136054421768707,0.238095238095238,0.149659863945578,0.404761904761905,0.0714285714285714
"71",0.180522565320665,0.118764845605701,0.121140142517815,0.532066508313539,0.0475059382422803
"72",0.0925925925925926,0.157407407407407,0.141975308641975,0.524691358024691,0.0833333333333333
"73",0.200854700854701,0.243589743589744,0.294871794871795,0.153846153846154,0.106837606837607
"74",0.112781954887218,0.31328320802005,0.157894736842105,0.378446115288221,0.037593984962406
"75",0.172185430463576,0.158940397350993,0.324503311258278,0.245033112582781,0.0993377483443709
"76",0.453061224489796,0.236734693877551,0.146938775510204,0.073469387755102,0.0897959183673469
"77",0.389162561576355,0.0985221674876847,0.231527093596059,0.182266009852217,0.0985221674876847
"78",0.0873362445414847,0.218340611353712,0.200873362445415,0.37117903930131,0.122270742358079
"79",0.083743842364532,0.285714285714286,0.192118226600985,0.315270935960591,0.123152709359606
"80",0.308988764044944,0.151685393258427,0.235955056179775,0.219101123595506,0.0842696629213483
"81",0.137254901960784,0.245098039215686,0.176470588235294,0.32843137254902,0.112745098039216
"82",0.117924528301887,0.25,0.183962264150943,0.358490566037736,0.089622641509434
"83",0.276422764227642,0.231707317073171,0.191056910569106,0.219512195121951,0.0813008130081301
"84",0.0988372093023256,0.319767441860465,0.203488372093023,0.25,0.127906976744186
"85",0.104712041884817,0.324607329842932,0.230366492146597,0.235602094240838,0.104712041884817
"86",0.373540856031128,0.190661478599222,0.171206225680934,0.155642023346304,0.108949416342412
"87",0.263888888888889,0.256944444444444,0.215277777777778,0.152777777777778,0.111111111111111
"88",0.478527607361963,0.0920245398773006,0.220858895705521,0.110429447852761,0.098159509202454
"89",0.382022471910112,0.146067415730337,0.207865168539326,0.146067415730337,0.117977528089888
"90",0.16025641025641,0.153846153846154,0.105769230769231,0.445512820512821,0.134615384615385
"91",0.293333333333333,0.248888888888889,0.24,0.0755555555555556,0.142222222222222
"92",0.49746192893401,0.131979695431472,0.203045685279188,0.101522842639594,0.065989847715736
"93",0.133105802047782,0.341296928327645,0.143344709897611,0.303754266211604,0.0784982935153584
"94",0.122377622377622,0.178321678321678,0.0874125874125874,0.503496503496504,0.108391608391608
"95",0.0751445086705202,0.15606936416185,0.184971098265896,0.456647398843931,0.127167630057803
"96",0.234200743494424,0.349442379182156,0.118959107806691,0.256505576208178,0.0408921933085502
"97",0.152647975077882,0.289719626168224,0.155763239875389,0.292834890965732,0.109034267912773
"98",0.0777777777777778,0.15,0.216666666666667,0.433333333333333,0.122222222222222
"99",0.126666666666667,0.413333333333333,0.253333333333333,0.12,0.0866666666666667
"100",0.143835616438356,0.39041095890411,0.232876712328767,0.123287671232877,0.10958904109589
"101",0.139423076923077,0.365384615384615,0.1875,0.235576923076923,0.0721153846153846
"102",0.0909090909090909,0.424242424242424,0.0858585858585859,0.257575757575758,0.141414141414141
"103",0.234146341463415,0.131707317073171,0.175609756097561,0.375609756097561,0.0829268292682927
"104",0.0829493087557604,0.188940092165899,0.179723502304147,0.341013824884793,0.207373271889401
"105",0.127340823970037,0.198501872659176,0.194756554307116,0.385767790262172,0.0936329588014981
"106",0.513636363636364,0.127272727272727,0.186363636363636,0.0863636363636364,0.0863636363636364
"107",0.123076923076923,0.235897435897436,0.194871794871795,0.348717948717949,0.0974358974358974
"108",0.361313868613139,0.259124087591241,0.218978102189781,0.113138686131387,0.0474452554744526
"109",0.226130653266332,0.296482412060302,0.236180904522613,0.160804020100503,0.0804020100502513
"110",0.109649122807018,0.285087719298246,0.236842105263158,0.285087719298246,0.0833333333333333
"111",0.0701754385964912,0.302631578947368,0.245614035087719,0.276315789473684,0.105263157894737
"112",0.19047619047619,0.271428571428571,0.204761904761905,0.233333333333333,0.1
"113",0.159420289855072,0.231884057971014,0.376811594202899,0.101449275362319,0.130434782608696
"114",0.124050632911392,0.177215189873418,0.108860759493671,0.516455696202532,0.0734177215189873
"115",0.0948616600790514,0.146245059288538,0.185770750988142,0.509881422924901,0.0632411067193676
"116",0.239766081871345,0.362573099415205,0.210526315789474,0.105263157894737,0.0818713450292398
"117",0.205882352941176,0.323529411764706,0.188235294117647,0.194117647058824,0.0882352941176471
"118",0.0836820083682008,0.326359832635983,0.175732217573222,0.301255230125523,0.112970711297071
"119",0.254545454545455,0.172727272727273,0.15,0.309090909090909,0.113636363636364
"120",0.177215189873418,0.20253164556962,0.172995780590717,0.362869198312236,0.0843881856540084
"121",0.0610687022900763,0.282442748091603,0.133587786259542,0.435114503816794,0.0877862595419847
"122",0.144186046511628,0.283720930232558,0.162790697674419,0.213953488372093,0.195348837209302
"123",0.301470588235294,0.205882352941176,0.272058823529412,0.125,0.0955882352941176
"124",0.0846774193548387,0.370967741935484,0.120967741935484,0.346774193548387,0.0766129032258065
"125",0.0481927710843374,0.257831325301205,0.101204819277108,0.518072289156627,0.0746987951807229
"126",0.49390243902439,0.164634146341463,0.164634146341463,0.0975609756097561,0.0792682926829268
"127",0.194174757281553,0.0825242718446602,0.174757281553398,0.466019417475728,0.0825242718446602
"128",0.126315789473684,0.121052631578947,0.189473684210526,0.457894736842105,0.105263157894737
"129",0.189320388349515,0.101941747572816,0.29126213592233,0.271844660194175,0.145631067961165
"130",0.1375,0.2625,0.1875,0.24375,0.16875
"131",0.0961538461538462,0.226923076923077,0.169230769230769,0.415384615384615,0.0923076923076923
"132",0.123595505617978,0.219101123595506,0.224719101123595,0.308988764044944,0.123595505617978
"133",0.427884615384615,0.216346153846154,0.206730769230769,0.0961538461538462,0.0528846153846154
"134",0.204166666666667,0.4,0.170833333333333,0.166666666666667,0.0583333333333333
"135",0.276381909547739,0.226130653266332,0.206030150753769,0.185929648241206,0.105527638190955
"136",0.0948275862068965,0.237068965517241,0.112068965517241,0.478448275862069,0.0775862068965517
"137",0.103260869565217,0.260869565217391,0.228260869565217,0.298913043478261,0.108695652173913
"138",0.250704225352113,0.11830985915493,0.0450704225352113,0.515492957746479,0.0704225352112676
"139",0.182572614107884,0.240663900414938,0.219917012448133,0.286307053941909,0.0705394190871369
"140",0.321678321678322,0.132867132867133,0.223776223776224,0.202797202797203,0.118881118881119
"141",0.221590909090909,0.349431818181818,0.09375,0.295454545454545,0.0397727272727273
"142",0.212827988338192,0.163265306122449,0.0845481049562682,0.492711370262391,0.0466472303206997
"143",0.108262108262108,0.11965811965812,0.056980056980057,0.0512820512820513,0.663817663817664
"144",0.426900584795322,0.228070175438596,0.157894736842105,0.0994152046783626,0.087719298245614
"145",0.176470588235294,0.125,0.220588235294118,0.382352941176471,0.0955882352941176
"146",0.092,0.256,0.14,0.412,0.1
"147",0.12565445026178,0.162303664921466,0.209424083769634,0.37696335078534,0.12565445026178
"148",0.227272727272727,0.0954545454545455,0.295454545454545,0.281818181818182,0.1
"149",0.309859154929577,0.126760563380282,0.267605633802817,0.197183098591549,0.0985915492957746
"150",0.18452380952381,0.407738095238095,0.157738095238095,0.148809523809524,0.101190476190476
"151",0.579646017699115,0.20353982300885,0.0575221238938053,0.0575221238938053,0.101769911504425
"152",0.207547169811321,0.14622641509434,0.320754716981132,0.202830188679245,0.122641509433962
"153",0.0871794871794872,0.297435897435897,0.112820512820513,0.364102564102564,0.138461538461538
"154",0.451977401129944,0.203389830508475,0.163841807909605,0.0903954802259887,0.0903954802259887
"155",0.078740157480315,0.381889763779528,0.149606299212598,0.291338582677165,0.0984251968503937
"156",0.0769230769230769,0.192307692307692,0.217948717948718,0.358974358974359,0.153846153846154
"157",0.130841121495327,0.205607476635514,0.280373831775701,0.177570093457944,0.205607476635514
"158",0.173611111111111,0.222222222222222,0.319444444444444,0.173611111111111,0.111111111111111
"159",0.0360824742268041,0.172680412371134,0.0644329896907216,0.077319587628866,0.649484536082474
"160",0.154185022026432,0.20704845814978,0.158590308370044,0.348017621145374,0.13215859030837
"161",0.25,0.177631578947368,0.190789473684211,0.269736842105263,0.111842105263158
"162",0.0793650793650794,0.301587301587302,0.182539682539683,0.341269841269841,0.0952380952380952
"163",0.157205240174672,0.244541484716157,0.170305676855895,0.344978165938865,0.0829694323144105
"164",0.0589812332439678,0.249329758713137,0.0670241286863271,0.552278820375335,0.0723860589812333
"165",0.137651821862348,0.222672064777328,0.165991902834008,0.376518218623482,0.097165991902834
"166",0.276119402985075,0.186567164179104,0.238805970149254,0.149253731343284,0.149253731343284
"167",0.160839160839161,0.27972027972028,0.195804195804196,0.216783216783217,0.146853146853147
"168",0.288888888888889,0.355555555555556,0.105555555555556,0.155555555555556,0.0944444444444444
"169",0.213930348258706,0.27363184079602,0.253731343283582,0.124378109452736,0.134328358208955
"170",0.173913043478261,0.165217391304348,0.243478260869565,0.260869565217391,0.156521739130435
"171",0.106666666666667,0.233333333333333,0.313333333333333,0.206666666666667,0.14
"172",0.303448275862069,0.117241379310345,0.241379310344828,0.2,0.137931034482759
"173",0.0857142857142857,0.233333333333333,0.20952380952381,0.3,0.171428571428571
"174",0.119815668202765,0.110599078341014,0.142857142857143,0.529953917050691,0.0967741935483871
"175",0.221518987341772,0.183544303797468,0.316455696202532,0.151898734177215,0.126582278481013
"176",0.160714285714286,0.208333333333333,0.136904761904762,0.392857142857143,0.101190476190476
"177",0.241545893719807,0.14975845410628,0.21256038647343,0.289855072463768,0.106280193236715
"178",0.321917808219178,0.198630136986301,0.205479452054795,0.164383561643836,0.10958904109589
"179",0.112107623318386,0.20627802690583,0.210762331838565,0.354260089686099,0.116591928251121
"180",0.170588235294118,0.429411764705882,0.2,0.141176470588235,0.0588235294117647
"181",0.55050505050505,0.101010101010101,0.161616161616162,0.111111111111111,0.0757575757575758
"182",0.0917874396135266,0.536231884057971,0.115942028985507,0.183574879227053,0.072463768115942
"183",0.135802469135802,0.376543209876543,0.222222222222222,0.185185185185185,0.0802469135802469
"184",0.290625,0.10625,0.1625,0.359375,0.08125
"185",0.114285714285714,0.321428571428571,0.2,0.257142857142857,0.107142857142857
"186",0.218045112781955,0.225563909774436,0.278195488721804,0.18796992481203,0.0902255639097744
"187",0.192307692307692,0.2,0.253846153846154,0.238461538461538,0.115384615384615
"188",0.122615803814714,0.217983651226158,0.168937329700272,0.422343324250681,0.0681198910081744
"189",0.143564356435644,0.138613861386139,0.163366336633663,0.440594059405941,0.113861386138614
"190",0.166666666666667,0.208333333333333,0.258333333333333,0.241666666666667,0.125
"191",0.127118644067797,0.271186440677966,0.23728813559322,0.203389830508475,0.161016949152542
"192",0.192771084337349,0.210843373493976,0.265060240963855,0.210843373493976,0.120481927710843
"193",0.134453781512605,0.294117647058824,0.26890756302521,0.126050420168067,0.176470588235294
"194",0.0679611650485437,0.495145631067961,0.135922330097087,0.20873786407767,0.0922330097087379
"195",0.148387096774194,0.380645161290323,0.193548387096774,0.135483870967742,0.141935483870968
"196",0.212121212121212,0.111111111111111,0.136363636363636,0.439393939393939,0.101010101010101
"197",0.115942028985507,0.429951690821256,0.144927536231884,0.217391304347826,0.0917874396135266
"198",0.0949367088607595,0.329113924050633,0.180379746835443,0.30379746835443,0.0917721518987342
"199",0.107843137254902,0.318627450980392,0.147058823529412,0.343137254901961,0.0833333333333333
"200",0.194444444444444,0.194444444444444,0.198412698412698,0.337301587301587,0.0753968253968254
"201",0.207070707070707,0.131313131313131,0.141414141414141,0.393939393939394,0.126262626262626
"202",0.0939597315436242,0.181208053691275,0.12751677852349,0.473154362416107,0.124161073825503
"203",0.0856031128404669,0.221789883268482,0.163424124513619,0.400778210116732,0.1284046692607
"204",0.138211382113821,0.227642276422764,0.219512195121951,0.284552845528455,0.130081300813008
"205",0.207100591715976,0.230769230769231,0.236686390532544,0.230769230769231,0.0946745562130177
"206",0.376068376068376,0.136752136752137,0.282051282051282,0.102564102564103,0.102564102564103
"207",0.106918238993711,0.465408805031447,0.220125786163522,0.119496855345912,0.0880503144654088
"208",0.092436974789916,0.235294117647059,0.218487394957983,0.285714285714286,0.168067226890756
"209",0.450819672131148,0.131147540983607,0.229508196721311,0.10655737704918,0.0819672131147541
"210",0.181034482758621,0.137931034482759,0.224137931034483,0.318965517241379,0.137931034482759
"211",0.27536231884058,0.239130434782609,0.202898550724638,0.173913043478261,0.108695652173913
"212",0.32824427480916,0.244274809160305,0.221374045801527,0.099236641221374,0.106870229007634
"213",0.0643564356435644,0.148514851485149,0.0792079207920792,0.613861386138614,0.0940594059405941
"214",0.531835205992509,0.220973782771536,0.0786516853932584,0.104868913857678,0.0636704119850187
"215",0.3,0.11,0.26,0.15,0.18
"216",0.188118811881188,0.133663366336634,0.168316831683168,0.257425742574257,0.252475247524752
"217",0.0712074303405573,0.179566563467492,0.0804953560371517,0.591331269349845,0.0773993808049536
"218",0.0909090909090909,0.45933014354067,0.157894736842105,0.22488038277512,0.0669856459330144
"219",0.131195335276968,0.256559766763848,0.0816326530612245,0.457725947521866,0.0728862973760933
"220",0.0925925925925926,0.197530864197531,0.0833333333333333,0.561728395061728,0.0648148148148148
"221",0.163265306122449,0.387755102040816,0.238095238095238,0.142857142857143,0.0680272108843537
"222",0.184615384615385,0.169230769230769,0.169230769230769,0.153846153846154,0.323076923076923
"223",0.363013698630137,0.205479452054795,0.246575342465753,0.10958904109589,0.0753424657534247
"224",0.178571428571429,0.0982142857142857,0.160714285714286,0.375,0.1875
"225",0.407079646017699,0.132743362831858,0.212389380530973,0.0973451327433628,0.150442477876106
"226",0.348993288590604,0.147651006711409,0.208053691275168,0.167785234899329,0.12751677852349
"227",0.256637168141593,0.256637168141593,0.256637168141593,0.123893805309735,0.106194690265487
"228",0.327868852459016,0.245901639344262,0.240437158469945,0.0710382513661202,0.114754098360656
"229",0.15,0.135714285714286,0.142857142857143,0.510714285714286,0.0607142857142857
"230",0.170940170940171,0.145299145299145,0.153846153846154,0.367521367521368,0.162393162393162
"231",0.141509433962264,0.212264150943396,0.179245283018868,0.367924528301887,0.0990566037735849
"232",0.201581027667984,0.399209486166008,0.142292490118577,0.209486166007905,0.0474308300395257
"233",0.0861244019138756,0.244019138755981,0.177033492822967,0.373205741626794,0.119617224880383
"234",0.160377358490566,0.339622641509434,0.165094339622642,0.254716981132075,0.080188679245283
"235",0.221343873517787,0.383399209486166,0.146245059288538,0.189723320158103,0.0592885375494071
"236",0.054421768707483,0.122448979591837,0.0918367346938776,0.629251700680272,0.102040816326531
"237",0.082089552238806,0.149253731343284,0.145522388059701,0.544776119402985,0.0783582089552239
"238",0.121428571428571,0.267857142857143,0.203571428571429,0.335714285714286,0.0714285714285714
"239",0.147058823529412,0.135294117647059,0.147058823529412,0.452941176470588,0.117647058823529
"240",0.109717868338558,0.310344827586207,0.0721003134796238,0.407523510971787,0.100313479623824
"241",0.45578231292517,0.108843537414966,0.258503401360544,0.0816326530612245,0.0952380952380952
"242",0.211981566820276,0.235023041474654,0.0829493087557604,0.400921658986175,0.0691244239631336
"243",0.328205128205128,0.169230769230769,0.225641025641026,0.164102564102564,0.112820512820513
"244",0.189873417721519,0.272151898734177,0.227848101265823,0.19620253164557,0.113924050632911
"245",0.360544217687075,0.17687074829932,0.204081632653061,0.0884353741496599,0.170068027210884
"246",0.197452229299363,0.305732484076433,0.222929936305732,0.133757961783439,0.140127388535032
"247",0.212121212121212,0.196969696969697,0.287878787878788,0.174242424242424,0.128787878787879
"248",0.319148936170213,0.186170212765957,0.196808510638298,0.202127659574468,0.0957446808510638
"249",0.108433734939759,0.188755020080321,0.152610441767068,0.465863453815261,0.0843373493975904
"250",0.130841121495327,0.214953271028037,0.224299065420561,0.299065420560748,0.130841121495327
"251",0.185483870967742,0.209677419354839,0.241935483870968,0.225806451612903,0.137096774193548
"252",0.11377245508982,0.341317365269461,0.287425149700599,0.161676646706587,0.0958083832335329
"253",0.253012048192771,0.198795180722892,0.253012048192771,0.204819277108434,0.0903614457831325
"254",0.389908256880734,0.270642201834862,0.105504587155963,0.128440366972477,0.105504587155963
"255",0.237037037037037,0.340740740740741,0.251851851851852,0.0888888888888889,0.0814814814814815
"256",0.335664335664336,0.195804195804196,0.146853146853147,0.195804195804196,0.125874125874126
"257",0.0866141732283465,0.291338582677165,0.128608923884514,0.41994750656168,0.073490813648294
"258",0.172413793103448,0.336206896551724,0.206896551724138,0.172413793103448,0.112068965517241
"259",0.101796407185629,0.437125748502994,0.179640718562874,0.203592814371257,0.0778443113772455
"260",0.0843373493975904,0.373493975903614,0.216867469879518,0.253012048192771,0.072289156626506
"261",0.441379310344828,0.186206896551724,0.158620689655172,0.096551724137931,0.117241379310345
"262",0.0701219512195122,0.195121951219512,0.0762195121951219,0.533536585365854,0.125
"263",0.435064935064935,0.194805194805195,0.116883116883117,0.155844155844156,0.0974025974025974
"264",0.16875,0.371875,0.134375,0.24375,0.08125
"265",0.0932835820895522,0.130597014925373,0.111940298507463,0.585820895522388,0.0783582089552239
"266",0.0903954802259887,0.163841807909605,0.096045197740113,0.446327683615819,0.203389830508475
"267",0.278301886792453,0.240566037735849,0.235849056603774,0.141509433962264,0.10377358490566
"268",0.174496644295302,0.228187919463087,0.275167785234899,0.201342281879195,0.120805369127517
"269",0.175298804780877,0.223107569721116,0.135458167330677,0.350597609561753,0.115537848605578
"270",0.186813186813187,0.17032967032967,0.203296703296703,0.351648351648352,0.0879120879120879
"271",0.204081632653061,0.342857142857143,0.146938775510204,0.244897959183673,0.0612244897959184
"272",0.221518987341772,0.20253164556962,0.221518987341772,0.189873417721519,0.164556962025316
"273",0.297674418604651,0.213953488372093,0.223255813953488,0.162790697674419,0.102325581395349
"274",0.100529100529101,0.349206349206349,0.201058201058201,0.232804232804233,0.116402116402116
"275",0.488636363636364,0.159090909090909,0.142045454545455,0.0909090909090909,0.119318181818182
"276",0.320754716981132,0.20125786163522,0.226415094339623,0.169811320754717,0.0817610062893082
"277",0.168032786885246,0.348360655737705,0.221311475409836,0.176229508196721,0.0860655737704918
"278",0.601990049751244,0.0696517412935323,0.0995024875621891,0.134328358208955,0.0945273631840796
"279",0.128834355828221,0.153374233128834,0.306748466257669,0.190184049079755,0.220858895705521
"280",0.099236641221374,0.099236641221374,0.290076335877863,0.32824427480916,0.183206106870229
"281",0.372549019607843,0.169934640522876,0.196078431372549,0.130718954248366,0.130718954248366
"282",0.167701863354037,0.149068322981366,0.217391304347826,0.397515527950311,0.0683229813664596
"283",0.328571428571429,0.3,0.185714285714286,0.1,0.0857142857142857
"284",0.207865168539326,0.258426966292135,0.213483146067416,0.252808988764045,0.0674157303370786
"285",0.171974522292994,0.203821656050955,0.254777070063694,0.235668789808917,0.133757961783439
"286",0.08,0.233333333333333,0.213333333333333,0.346666666666667,0.126666666666667
"287",0.218604651162791,0.186046511627907,0.13953488372093,0.362790697674419,0.0930232558139535
"288",0.0696517412935323,0.18407960199005,0.174129353233831,0.45273631840796,0.119402985074627
"289",0.111111111111111,0.309178743961353,0.169082125603865,0.309178743961353,0.101449275362319
"290",0.129770992366412,0.190839694656489,0.206106870229008,0.320610687022901,0.152671755725191
"291",0.138461538461538,0.256410256410256,0.205128205128205,0.328205128205128,0.0717948717948718
"292",0.338028169014085,0.133802816901408,0.204225352112676,0.211267605633803,0.112676056338028
"293",0.121951219512195,0.252032520325203,0.142276422764228,0.40650406504065,0.0772357723577236
"294",0.106060606060606,0.338383838383838,0.146464646464646,0.318181818181818,0.0909090909090909
"295",0.0857142857142857,0.28,0.171428571428571,0.325714285714286,0.137142857142857
"296",0.181034482758621,0.172413793103448,0.241379310344828,0.258620689655172,0.146551724137931
"297",0.13125,0.225,0.20625,0.35,0.0875
"298",0.391891891891892,0.0878378378378378,0.243243243243243,0.135135135135135,0.141891891891892
"299",0.274193548387097,0.185483870967742,0.17741935483871,0.266129032258065,0.0967741935483871
"300",0.28125,0.25,0.234375,0.140625,0.09375
"301",0.24,0.102222222222222,0.226666666666667,0.284444444444444,0.146666666666667
"302",0.204081632653061,0.220408163265306,0.175510204081633,0.314285714285714,0.0857142857142857
"303",0.131578947368421,0.342105263157895,0.192982456140351,0.157894736842105,0.175438596491228
"304",0.166666666666667,0.264705882352941,0.264705882352941,0.176470588235294,0.127450980392157
"305",0.163522012578616,0.30188679245283,0.270440251572327,0.182389937106918,0.0817610062893082
"306",0.124031007751938,0.193798449612403,0.255813953488372,0.232558139534884,0.193798449612403
"307",0.134199134199134,0.19047619047619,0.238095238095238,0.324675324675325,0.112554112554113
"308",0.11304347826087,0.295652173913043,0.295652173913043,0.147826086956522,0.147826086956522
"309",0.327102803738318,0.271028037383178,0.158878504672897,0.121495327102804,0.121495327102804
"310",0.119047619047619,0.214285714285714,0.23015873015873,0.293650793650794,0.142857142857143
"311",0.130081300813008,0.48780487804878,0.0975609756097561,0.170731707317073,0.113821138211382
"312",0.25609756097561,0.164634146341463,0.24390243902439,0.152439024390244,0.182926829268293
"313",0.146788990825688,0.348623853211009,0.201834862385321,0.174311926605505,0.128440366972477
"314",0.203125,0.3359375,0.1953125,0.140625,0.125
"315",0.265151515151515,0.242424242424242,0.257575757575758,0.106060606060606,0.128787878787879
"316",0.296296296296296,0.175925925925926,0.305555555555556,0.0925925925925926,0.12962962962963
"317",0.0853658536585366,0.408536585365854,0.164634146341463,0.23780487804878,0.103658536585366
"318",0.169230769230769,0.169230769230769,0.3,0.223076923076923,0.138461538461538
"319",0.0954545454545455,0.186363636363636,0.118181818181818,0.468181818181818,0.131818181818182
"320",0.108527131782946,0.302325581395349,0.224806201550388,0.232558139534884,0.131782945736434
"321",0.105882352941176,0.215686274509804,0.0823529411764706,0.509803921568627,0.0862745098039216
"322",0.111475409836066,0.0721311475409836,0.059016393442623,0.649180327868852,0.108196721311475
"323",0.398148148148148,0.157407407407407,0.212962962962963,0.111111111111111,0.12037037037037
"324",0.388888888888889,0.182539682539683,0.222222222222222,0.119047619047619,0.0873015873015873
"325",0.156976744186047,0.273255813953488,0.180232558139535,0.255813953488372,0.133720930232558
"326",0.44,0.152,0.2,0.088,0.12
"327",0.19672131147541,0.377049180327869,0.19672131147541,0.10655737704918,0.122950819672131
"328",0.106194690265487,0.247787610619469,0.185840707964602,0.247787610619469,0.212389380530973
"329",0.377880184331797,0.184331797235023,0.133640552995392,0.216589861751152,0.0875576036866359
"330",0.0984848484848485,0.303030303030303,0.212121212121212,0.25,0.136363636363636
"331",0.197916666666667,0.463541666666667,0.130208333333333,0.0989583333333333,0.109375
"332",0.150537634408602,0.32258064516129,0.182795698924731,0.161290322580645,0.182795698924731
"333",0.317241379310345,0.282758620689655,0.144827586206897,0.131034482758621,0.124137931034483
"334",0.128712871287129,0.099009900990099,0.105610561056106,0.0759075907590759,0.590759075907591
"335",0.3,0.16,0.185,0.245,0.11
"336",0.334710743801653,0.276859504132231,0.144628099173554,0.15702479338843,0.0867768595041322
"337",0.305555555555556,0.231481481481481,0.212962962962963,0.111111111111111,0.138888888888889
"338",0.352459016393443,0.139344262295082,0.172131147540984,0.172131147540984,0.163934426229508
"339",0.472972972972973,0.162162162162162,0.202702702702703,0.0810810810810811,0.0810810810810811
"340",0.266666666666667,0.221052631578947,0.101754385964912,0.305263157894737,0.105263157894737
"341",0.132530120481928,0.246987951807229,0.168674698795181,0.349397590361446,0.102409638554217
"342",0.104651162790698,0.200581395348837,0.116279069767442,0.502906976744186,0.0755813953488372
"343",0.0572687224669604,0.47136563876652,0.114537444933921,0.255506607929515,0.101321585903084
"344",0.118483412322275,0.161137440758294,0.123222748815166,0.459715639810427,0.137440758293839
"345",0.115044247787611,0.300884955752212,0.212389380530973,0.265486725663717,0.106194690265487
"346",0.352059925093633,0.269662921348315,0.194756554307116,0.0898876404494382,0.0936329588014981
"347",0.141791044776119,0.242537313432836,0.182835820895522,0.358208955223881,0.0746268656716418
"348",0.101604278074866,0.240641711229947,0.176470588235294,0.406417112299465,0.0748663101604278
"349",0.137096774193548,0.169354838709677,0.274193548387097,0.290322580645161,0.129032258064516
"350",0.25531914893617,0.283687943262411,0.198581560283688,0.163120567375887,0.099290780141844
"351",0.158823529411765,0.111764705882353,0.117647058823529,0.535294117647059,0.0764705882352941
"352",0.11377245508982,0.263473053892216,0.173652694610778,0.275449101796407,0.173652694610778
"353",0.178861788617886,0.154471544715447,0.195121951219512,0.24390243902439,0.227642276422764
"354",0.219047619047619,0.114285714285714,0.276190476190476,0.228571428571429,0.161904761904762
"355",0.223463687150838,0.240223463687151,0.268156424581006,0.122905027932961,0.145251396648045
"356",0.231404958677686,0.247933884297521,0.256198347107438,0.140495867768595,0.12396694214876
"357",0.188311688311688,0.175324675324675,0.285714285714286,0.24025974025974,0.11038961038961
"358",0.260869565217391,0.169565217391304,0.191304347826087,0.256521739130435,0.121739130434783
"359",0.168421052631579,0.210526315789474,0.284210526315789,0.2,0.136842105263158
"360",0.147058823529412,0.161764705882353,0.161764705882353,0.147058823529412,0.382352941176471
"361",0.222748815165877,0.118483412322275,0.132701421800948,0.360189573459716,0.165876777251185
"362",0.384105960264901,0.139072847682119,0.19205298013245,0.172185430463576,0.112582781456954
"363",0.126050420168067,0.176470588235294,0.26890756302521,0.243697478991597,0.184873949579832
"364",0.288135593220339,0.161016949152542,0.338983050847458,0.110169491525424,0.101694915254237
"365",0.0958083832335329,0.173652694610778,0.143712574850299,0.431137724550898,0.155688622754491
"366",0.366412213740458,0.244274809160305,0.16793893129771,0.099236641221374,0.122137404580153
"367",0.0411392405063291,0.313291139240506,0.136075949367089,0.414556962025316,0.0949367088607595
"368",0.112403100775194,0.403100775193798,0.0968992248062016,0.317829457364341,0.0697674418604651
"369",0.119170984455959,0.16580310880829,0.119170984455959,0.471502590673575,0.124352331606218
"370",0.0714285714285714,0.168831168831169,0.188311688311688,0.487012987012987,0.0844155844155844
"371",0.0821917808219178,0.171232876712329,0.226027397260274,0.383561643835616,0.136986301369863
"372",0.0948905109489051,0.153284671532847,0.160583941605839,0.372262773722628,0.218978102189781
"373",0.0812324929971989,0.277310924369748,0.11484593837535,0.442577030812325,0.0840336134453782
"374",0.333333333333333,0.170068027210884,0.217687074829932,0.149659863945578,0.129251700680272
"375",0.314102564102564,0.205128205128205,0.198717948717949,0.0833333333333333,0.198717948717949
"376",0.413533834586466,0.12781954887218,0.180451127819549,0.150375939849624,0.12781954887218
"377",0.236363636363636,0.245454545454545,0.209090909090909,0.154545454545455,0.154545454545455
"378",0.108571428571429,0.262857142857143,0.165714285714286,0.365714285714286,0.0971428571428571
"379",0.296747967479675,0.308943089430894,0.16260162601626,0.121951219512195,0.109756097560976
"380",0.307086614173228,0.228346456692913,0.204724409448819,0.141732283464567,0.118110236220472
"381",0.162251655629139,0.218543046357616,0.119205298013245,0.400662251655629,0.0993377483443709
"382",0.131979695431472,0.284263959390863,0.269035532994924,0.248730964467005,0.065989847715736
"383",0.128787878787879,0.375,0.174242424242424,0.276515151515151,0.0454545454545455
"384",0.14018691588785,0.186915887850467,0.271028037383178,0.196261682242991,0.205607476635514
"385",0.251612903225806,0.264516129032258,0.180645161290323,0.167741935483871,0.135483870967742
"386",0.157407407407407,0.287037037037037,0.231481481481481,0.222222222222222,0.101851851851852
"387",0.146551724137931,0.327586206896552,0.189655172413793,0.232758620689655,0.103448275862069
"388",0.190082644628099,0.239669421487603,0.322314049586777,0.0991735537190083,0.148760330578512
"389",0.122093023255814,0.104651162790698,0.133720930232558,0.529069767441861,0.11046511627907
"390",0.256637168141593,0.212389380530973,0.283185840707965,0.150442477876106,0.0973451327433628
"391",0.147368421052632,0.168421052631579,0.252631578947368,0.242105263157895,0.189473684210526
"392",0.0828025477707006,0.248407643312102,0.184713375796178,0.382165605095541,0.101910828025478
"393",0.135294117647059,0.147058823529412,0.117647058823529,0.470588235294118,0.129411764705882
"394",0.160583941605839,0.197080291970803,0.27007299270073,0.27007299270073,0.102189781021898
"395",0.21,0.27,0.22,0.18,0.12
"396",0.167883211678832,0.124087591240876,0.226277372262774,0.386861313868613,0.0948905109489051
"397",0.25,0.303571428571429,0.205357142857143,0.116071428571429,0.125
"398",0.115107913669065,0.165467625899281,0.179856115107914,0.438848920863309,0.100719424460432
"399",0.138613861386139,0.356435643564356,0.227722772277228,0.158415841584158,0.118811881188119
"400",0.1171875,0.1640625,0.1640625,0.453125,0.1015625
"401",0.0927835051546392,0.293814432989691,0.201030927835052,0.324742268041237,0.0876288659793814
"402",0.193069306930693,0.143564356435644,0.168316831683168,0.405940594059406,0.0891089108910891
"403",0.137142857142857,0.205714285714286,0.177142857142857,0.331428571428571,0.148571428571429
"404",0.147826086956522,0.382608695652174,0.2,0.147826086956522,0.121739130434783
"405",0.420689655172414,0.117241379310345,0.220689655172414,0.151724137931034,0.0896551724137931
"406",0.242424242424242,0.272727272727273,0.174242424242424,0.128787878787879,0.181818181818182
"407",0.409836065573771,0.172131147540984,0.188524590163934,0.114754098360656,0.114754098360656
"408",0.169811320754717,0.132075471698113,0.19496855345912,0.327044025157233,0.176100628930818
"409",0.294117647058824,0.411764705882353,0.106951871657754,0.112299465240642,0.0748663101604278
"410",0.15028901734104,0.260115606936416,0.225433526011561,0.283236994219653,0.0809248554913295
"411",0.193798449612403,0.271317829457364,0.186046511627907,0.232558139534884,0.116279069767442
"412",0.117647058823529,0.248366013071895,0.169934640522876,0.372549019607843,0.0915032679738562
"413",0.125,0.221153846153846,0.278846153846154,0.192307692307692,0.182692307692308
"414",0.206896551724138,0.155172413793103,0.21551724137931,0.293103448275862,0.129310344827586
"415",0.401869158878505,0.205607476635514,0.11214953271028,0.149532710280374,0.130841121495327
"416",0.207843137254902,0.376470588235294,0.125490196078431,0.176470588235294,0.113725490196078
"417",0.208333333333333,0.453125,0.135416666666667,0.09375,0.109375
"418",0.213675213675214,0.188034188034188,0.247863247863248,0.196581196581197,0.153846153846154
"419",0.366336633663366,0.138613861386139,0.108910891089109,0.267326732673267,0.118811881188119
"420",0.19327731092437,0.378151260504202,0.19327731092437,0.117647058823529,0.117647058823529
"421",0.138888888888889,0.166666666666667,0.212962962962963,0.342592592592593,0.138888888888889
"422",0.108974358974359,0.294871794871795,0.179487179487179,0.314102564102564,0.102564102564103
"423",0.170940170940171,0.324786324786325,0.205128205128205,0.170940170940171,0.128205128205128
"424",0.209302325581395,0.232558139534884,0.144186046511628,0.283720930232558,0.130232558139535
"425",0.493055555555556,0.104166666666667,0.159722222222222,0.118055555555556,0.125
"426",0.295774647887324,0.147887323943662,0.21830985915493,0.211267605633803,0.126760563380282
"427",0.0858895705521472,0.411042944785276,0.202453987730061,0.134969325153374,0.165644171779141
"428",0.0622406639004149,0.402489626556017,0.107883817427386,0.319502074688797,0.107883817427386
